Stack trace de l'algorithme de Roy Warshall pour le graphe

Lecture du graphe 10

Affichage de la matrice d'adjacence du graphe

  0   1   2   3   4 
----------------------
0|inf|  1|  2|  1|inf|
----------------------
1|inf|inf|inf|inf|inf|
----------------------
2|inf|inf|inf| -2|inf|
----------------------
3|inf|inf|inf|inf|  4|
----------------------
4|inf|  3| -7|inf|inf|
----------------------

Application de l'algorithme de Roy Warshall

Iteration 0
--------------------------------------------------
  0   1   2   3   4 
----------------------
0|inf|  1|  2|  1|inf|
----------------------
1|inf|inf|inf|inf|inf|
----------------------
2|inf|inf|inf| -2|inf|
----------------------
3|inf|inf|inf|inf|  4|
----------------------
4|inf|  3| -7|inf|inf|
----------------------
  0   1   2   3   4 
----------------------
0|inf|  1|  2|  1|inf|
----------------------
1|inf|inf|inf|inf|inf|
----------------------
2|inf|inf|inf| -2|inf|
----------------------
3|inf|inf|inf|inf|  4|
----------------------
4|inf|  3| -7|inf|inf|
----------------------

Iteration 1
--------------------------------------------------
  0   1   2   3   4 
----------------------
0|inf|  1|  2|  1|inf|
----------------------
1|inf|inf|inf|inf|inf|
----------------------
2|inf|inf|inf| -2|inf|
----------------------
3|inf|inf|inf|inf|  4|
----------------------
4|inf|  3| -7|inf|inf|
----------------------
  0   1   2   3   4 
----------------------
0|inf|  1|  2|  1|inf|
----------------------
1|inf|inf|inf|inf|inf|
----------------------
2|inf|inf|inf| -2|inf|
----------------------
3|inf|inf|inf|inf|  4|
----------------------
4|inf|  3| -7|inf|inf|
----------------------

Iteration 2
--------------------------------------------------
  0   1   2   3   4 
----------------------
0|inf|  1|  2|  1|inf|
----------------------
1|inf|inf|inf|inf|inf|
----------------------
2|inf|inf|inf| -2|inf|
----------------------
3|inf|inf|inf|inf|  4|
----------------------
4|inf|  3| -7|inf|inf|
----------------------
  0   1   2   3   4 
----------------------
0|inf|  1|  2|  0|inf|
----------------------
1|inf|inf|inf|inf|inf|
----------------------
2|inf|inf|inf| -2|inf|
----------------------
3|inf|inf|inf|inf|  4|
----------------------
4|inf|  3| -7| -9|inf|
----------------------

Iteration 3
--------------------------------------------------
  0   1   2   3   4 
----------------------
0|inf|  1|  2|  0|inf|
----------------------
1|inf|inf|inf|inf|inf|
----------------------
2|inf|inf|inf| -2|inf|
----------------------
3|inf|inf|inf|inf|  4|
----------------------
4|inf|  3| -7| -9|inf|
----------------------
  0   1   2   3   4 
----------------------
0|inf|  1|  2|  0|  4|
----------------------
1|inf|inf|inf|inf|inf|
----------------------
2|inf|inf|inf| -2|  2|
----------------------
3|inf|inf|inf|inf|  4|
----------------------
4|inf|  3| -7| -9| -5|
----------------------

Iteration 4
--------------------------------------------------
  0   1   2   3   4 
----------------------
0|inf|  1|  2|  0|  4|
----------------------
1|inf|inf|inf|inf|inf|
----------------------
2|inf|inf|inf| -2|  2|
----------------------
3|inf|inf|inf|inf|  4|
----------------------
4|inf|  3| -7| -9| -5|
----------------------
  0   1   2   3   4 
----------------------
0|inf|  1| -3| -5| -1|
----------------------
1|inf|inf|inf|inf|inf|
----------------------
2|inf|  5| -5| -7| -3|
----------------------
3|inf|  7| -3| -5| -1|
----------------------
4|inf| -2|-12|-14|-10|
----------------------

La matrice contient au moins un cycle absorbant
