Stack trace de l'algorithme de Roy Warshall pour le graphe

Lecture du graphe 11

Affichage de la matrice d'adjacence du graphe

  0   1   2   3   4 
----------------------
0|inf|inf|  2|  1|inf|
----------------------
1|  1|  2|inf|inf|inf|
----------------------
2|inf|inf|inf| -2|inf|
----------------------
3|inf|inf|inf|inf|  4|
----------------------
4|inf|  3| -1|inf|inf|
----------------------

Application de l'algorithme de Roy Warshall

Iteration 0
--------------------------------------------------
  0   1   2   3   4 
----------------------
0|inf|inf|  2|  1|inf|
----------------------
1|  1|  2|inf|inf|inf|
----------------------
2|inf|inf|inf| -2|inf|
----------------------
3|inf|inf|inf|inf|  4|
----------------------
4|inf|  3| -1|inf|inf|
----------------------
  0   1   2   3   4 
----------------------
0|inf|inf|  2|  1|inf|
----------------------
1|  1|  2|  3|  2|inf|
----------------------
2|inf|inf|inf| -2|inf|
----------------------
3|inf|inf|inf|inf|  4|
----------------------
4|inf|  3| -1|inf|inf|
----------------------

Iteration 1
--------------------------------------------------
  0   1   2   3   4 
----------------------
0|inf|inf|  2|  1|inf|
----------------------
1|  1|  2|  3|  2|inf|
----------------------
2|inf|inf|inf| -2|inf|
----------------------
3|inf|inf|inf|inf|  4|
----------------------
4|inf|  3| -1|inf|inf|
----------------------
  0   1   2   3   4 
----------------------
0|inf|inf|  2|  1|inf|
----------------------
1|  1|  2|  3|  2|inf|
----------------------
2|inf|inf|inf| -2|inf|
----------------------
3|inf|inf|inf|inf|  4|
----------------------
4|  4|  3| -1|  5|inf|
----------------------

Iteration 2
--------------------------------------------------
  0   1   2   3   4 
----------------------
0|inf|inf|  2|  1|inf|
----------------------
1|  1|  2|  3|  2|inf|
----------------------
2|inf|inf|inf| -2|inf|
----------------------
3|inf|inf|inf|inf|  4|
----------------------
4|  4|  3| -1|  5|inf|
----------------------
  0   1   2   3   4 
----------------------
0|inf|inf|  2|  0|inf|
----------------------
1|  1|  2|  3|  1|inf|
----------------------
2|inf|inf|inf| -2|inf|
----------------------
3|inf|inf|inf|inf|  4|
----------------------
4|  4|  3| -1| -3|inf|
----------------------

Iteration 3
--------------------------------------------------
  0   1   2   3   4 
----------------------
0|inf|inf|  2|  0|inf|
----------------------
1|  1|  2|  3|  1|inf|
----------------------
2|inf|inf|inf| -2|inf|
----------------------
3|inf|inf|inf|inf|  4|
----------------------
4|  4|  3| -1| -3|inf|
----------------------
  0   1   2   3   4 
----------------------
0|inf|inf|  2|  0|  4|
----------------------
1|  1|  2|  3|  1|  5|
----------------------
2|inf|inf|inf| -2|  2|
----------------------
3|inf|inf|inf|inf|  4|
----------------------
4|  4|  3| -1| -3|  1|
----------------------

Iteration 4
--------------------------------------------------
  0   1   2   3   4 
----------------------
0|inf|inf|  2|  0|  4|
----------------------
1|  1|  2|  3|  1|  5|
----------------------
2|inf|inf|inf| -2|  2|
----------------------
3|inf|inf|inf|inf|  4|
----------------------
4|  4|  3| -1| -3|  1|
----------------------
 0  1  2  3  4 
-----------------
0| 8| 7| 2| 0| 4|
-----------------
1| 1| 2| 3| 1| 5|
-----------------
2| 6| 5| 1|-2| 2|
-----------------
3| 8| 7| 3| 1| 4|
-----------------
4| 4| 3|-1|-3| 1|
-----------------

La matrice ne contient pas de cycle absorbant
Affichage du cout de chaque  sous la forme [debut,arrivee,chemin, cout]
[[0, 3, '0->3', 0], [0, 2, '0->3->2', 2], [0, 4, '0->3->2->4', 4], [0, 1, '0->3->2->4->1', 7], [0, 0, '0->3->2->4->1->0', 8], [1, 0, '1->0', 1], [1, 3, '1->0->3', 1], [1, 1, '1->0->3->1', 2], [1, 2, '1->0->3->1->2', 3], [1, 4, '1->0->3->1->2->4', 5], [2, 3, '2->3', -2], [2, 2, '2->3->2', 1], [2, 4, '2->3->2->4', 2], [2, 1, '2->3->2->4->1', 5], [2, 0, '2->3->2->4->1->0', 6], [3, 3, '3->3', 1], [3, 2, '3->3->2', 3], [3, 4, '3->3->2->4', 4], [3, 1, '3->3->2->4->1', 7], [3, 0, '3->3->2->4->1->0', 8], [4, 3, '4->3', -3], [4, 2, '4->3->2', -1], [4, 4, '4->3->2->4', 1], [4, 1, '4->3->2->4->1', 3], [4, 0, '4->3->2->4->1->0', 4]]
