Stack trace de l'algorithme de Roy Warshall pour le graphe

Lecture du graphe 12

Affichage de la matrice d'adjacence du graphe

  0   1   2   3   4 
----------------------
0|inf|inf|  2|  1|inf|
----------------------
1|  1|inf|inf|inf|inf|
----------------------
2|inf|  1|inf| -2|inf|
----------------------
3|inf|inf|  7|inf|  4|
----------------------
4|inf|  3| -1|inf|inf|
----------------------

Application de l'algorithme de Roy Warshall

Iteration 0
--------------------------------------------------
  0   1   2   3   4 
----------------------
0|inf|inf|  2|  1|inf|
----------------------
1|  1|inf|inf|inf|inf|
----------------------
2|inf|  1|inf| -2|inf|
----------------------
3|inf|inf|  7|inf|  4|
----------------------
4|inf|  3| -1|inf|inf|
----------------------
  0   1   2   3   4 
----------------------
0|inf|inf|  2|  1|inf|
----------------------
1|  1|inf|  3|  2|inf|
----------------------
2|inf|  1|inf| -2|inf|
----------------------
3|inf|inf|  7|inf|  4|
----------------------
4|inf|  3| -1|inf|inf|
----------------------

Iteration 1
--------------------------------------------------
  0   1   2   3   4 
----------------------
0|inf|inf|  2|  1|inf|
----------------------
1|  1|inf|  3|  2|inf|
----------------------
2|inf|  1|inf| -2|inf|
----------------------
3|inf|inf|  7|inf|  4|
----------------------
4|inf|  3| -1|inf|inf|
----------------------
  0   1   2   3   4 
----------------------
0|inf|inf|  2|  1|inf|
----------------------
1|  1|inf|  3|  2|inf|
----------------------
2|  2|  1|  4| -2|inf|
----------------------
3|inf|inf|  7|inf|  4|
----------------------
4|  4|  3| -1|  5|inf|
----------------------

Iteration 2
--------------------------------------------------
  0   1   2   3   4 
----------------------
0|inf|inf|  2|  1|inf|
----------------------
1|  1|inf|  3|  2|inf|
----------------------
2|  2|  1|  4| -2|inf|
----------------------
3|inf|inf|  7|inf|  4|
----------------------
4|  4|  3| -1|  5|inf|
----------------------
  0   1   2   3   4 
----------------------
0|  4|  3|  2|  0|inf|
----------------------
1|  1|  4|  3|  1|inf|
----------------------
2|  2|  1|  4| -2|inf|
----------------------
3|  9|  8|  7|  5|  4|
----------------------
4|  1|  0| -1| -3|inf|
----------------------

Iteration 3
--------------------------------------------------
  0   1   2   3   4 
----------------------
0|  4|  3|  2|  0|inf|
----------------------
1|  1|  4|  3|  1|inf|
----------------------
2|  2|  1|  4| -2|inf|
----------------------
3|  9|  8|  7|  5|  4|
----------------------
4|  1|  0| -1| -3|inf|
----------------------
 0  1  2  3  4 
-----------------
0| 4| 3| 2| 0| 4|
-----------------
1| 1| 4| 3| 1| 5|
-----------------
2| 2| 1| 4|-2| 2|
-----------------
3| 9| 8| 7| 5| 4|
-----------------
4| 1| 0|-1|-3| 1|
-----------------

Iteration 4
--------------------------------------------------
 0  1  2  3  4 
-----------------
0| 4| 3| 2| 0| 4|
-----------------
1| 1| 4| 3| 1| 5|
-----------------
2| 2| 1| 4|-2| 2|
-----------------
3| 9| 8| 7| 5| 4|
-----------------
4| 1| 0|-1|-3| 1|
-----------------
 0  1  2  3  4 
-----------------
0| 4| 3| 2| 0| 4|
-----------------
1| 1| 4| 3| 1| 5|
-----------------
2| 2| 1| 1|-2| 2|
-----------------
3| 5| 4| 3| 1| 4|
-----------------
4| 1| 0|-1|-3| 1|
-----------------

La matrice ne contient pas de cycle absorbant
Affichage du cout de chaque  sous la forme [debut,arrivee,chemin, cout]
[[0, 3, '0->3', 0], [0, 2, '0->3->2', 2], [0, 1, '0->3->2->1', 3], [0, 0, '0->3->2->1->0', 4], [0, 4, '0->3->2->1->0->4', 4], [1, 0, '1->0', 1], [1, 3, '1->0->3', 1], [1, 2, '1->0->3->2', 3], [1, 1, '1->0->3->2->1', 4], [1, 4, '1->0->3->2->1->4', 5], [2, 3, '2->3', -2], [2, 1, '2->3->1', 1], [2, 2, '2->3->1->2', 1], [2, 0, '2->3->1->2->0', 2], [2, 4, '2->3->1->2->0->4', 2], [3, 3, '3->3', 1], [3, 2, '3->3->2', 3], [3, 1, '3->3->2->1', 4], [3, 4, '3->3->2->1->4', 4], [3, 0, '3->3->2->1->4->0', 5], [4, 3, '4->3', -3], [4, 2, '4->3->2', -1], [4, 1, '4->3->2->1', 0], [4, 0, '4->3->2->1->0', 1], [4, 4, '4->3->2->1->0->4', 1]]
