Stack trace de l'algorithme de Roy Warshall pour le graphe

Lecture du graphe 13

Affichage de la matrice d'adjacence du graphe

  0   1   2   3   4   5   6   7 
----------------------------------
0|inf|inf|  2|  1|inf|inf|inf|inf|
----------------------------------
1|  1|inf|inf|inf|inf|inf|inf|inf|
----------------------------------
2|inf|  1|inf| -2|inf|inf|inf|inf|
----------------------------------
3|inf|inf|  7|inf|  4|inf|inf|inf|
----------------------------------
4|inf|  3| -1|inf|inf|inf|inf|inf|
----------------------------------
5|inf|inf|inf|inf|inf|inf|  1|inf|
----------------------------------
6|inf|inf|inf|inf|inf| -2|inf| -2|
----------------------------------
7|inf|inf|inf|inf|inf|inf|inf|inf|
----------------------------------

Application de l'algorithme de Roy Warshall

Iteration 0
--------------------------------------------------
  0   1   2   3   4   5   6   7 
----------------------------------
0|inf|inf|  2|  1|inf|inf|inf|inf|
----------------------------------
1|  1|inf|inf|inf|inf|inf|inf|inf|
----------------------------------
2|inf|  1|inf| -2|inf|inf|inf|inf|
----------------------------------
3|inf|inf|  7|inf|  4|inf|inf|inf|
----------------------------------
4|inf|  3| -1|inf|inf|inf|inf|inf|
----------------------------------
5|inf|inf|inf|inf|inf|inf|  1|inf|
----------------------------------
6|inf|inf|inf|inf|inf| -2|inf| -2|
----------------------------------
7|inf|inf|inf|inf|inf|inf|inf|inf|
----------------------------------
  0   1   2   3   4   5   6   7 
----------------------------------
0|inf|inf|  2|  1|inf|inf|inf|inf|
----------------------------------
1|  1|inf|  3|  2|inf|inf|inf|inf|
----------------------------------
2|inf|  1|inf| -2|inf|inf|inf|inf|
----------------------------------
3|inf|inf|  7|inf|  4|inf|inf|inf|
----------------------------------
4|inf|  3| -1|inf|inf|inf|inf|inf|
----------------------------------
5|inf|inf|inf|inf|inf|inf|  1|inf|
----------------------------------
6|inf|inf|inf|inf|inf| -2|inf| -2|
----------------------------------
7|inf|inf|inf|inf|inf|inf|inf|inf|
----------------------------------

Iteration 1
--------------------------------------------------
  0   1   2   3   4   5   6   7 
----------------------------------
0|inf|inf|  2|  1|inf|inf|inf|inf|
----------------------------------
1|  1|inf|  3|  2|inf|inf|inf|inf|
----------------------------------
2|inf|  1|inf| -2|inf|inf|inf|inf|
----------------------------------
3|inf|inf|  7|inf|  4|inf|inf|inf|
----------------------------------
4|inf|  3| -1|inf|inf|inf|inf|inf|
----------------------------------
5|inf|inf|inf|inf|inf|inf|  1|inf|
----------------------------------
6|inf|inf|inf|inf|inf| -2|inf| -2|
----------------------------------
7|inf|inf|inf|inf|inf|inf|inf|inf|
----------------------------------
  0   1   2   3   4   5   6   7 
----------------------------------
0|inf|inf|  2|  1|inf|inf|inf|inf|
----------------------------------
1|  1|inf|  3|  2|inf|inf|inf|inf|
----------------------------------
2|  2|  1|  4| -2|inf|inf|inf|inf|
----------------------------------
3|inf|inf|  7|inf|  4|inf|inf|inf|
----------------------------------
4|  4|  3| -1|  5|inf|inf|inf|inf|
----------------------------------
5|inf|inf|inf|inf|inf|inf|  1|inf|
----------------------------------
6|inf|inf|inf|inf|inf| -2|inf| -2|
----------------------------------
7|inf|inf|inf|inf|inf|inf|inf|inf|
----------------------------------

Iteration 2
--------------------------------------------------
  0   1   2   3   4   5   6   7 
----------------------------------
0|inf|inf|  2|  1|inf|inf|inf|inf|
----------------------------------
1|  1|inf|  3|  2|inf|inf|inf|inf|
----------------------------------
2|  2|  1|  4| -2|inf|inf|inf|inf|
----------------------------------
3|inf|inf|  7|inf|  4|inf|inf|inf|
----------------------------------
4|  4|  3| -1|  5|inf|inf|inf|inf|
----------------------------------
5|inf|inf|inf|inf|inf|inf|  1|inf|
----------------------------------
6|inf|inf|inf|inf|inf| -2|inf| -2|
----------------------------------
7|inf|inf|inf|inf|inf|inf|inf|inf|
----------------------------------
  0   1   2   3   4   5   6   7 
----------------------------------
0|  4|  3|  2|  0|inf|inf|inf|inf|
----------------------------------
1|  1|  4|  3|  1|inf|inf|inf|inf|
----------------------------------
2|  2|  1|  4| -2|inf|inf|inf|inf|
----------------------------------
3|  9|  8|  7|  5|  4|inf|inf|inf|
----------------------------------
4|  1|  0| -1| -3|inf|inf|inf|inf|
----------------------------------
5|inf|inf|inf|inf|inf|inf|  1|inf|
----------------------------------
6|inf|inf|inf|inf|inf| -2|inf| -2|
----------------------------------
7|inf|inf|inf|inf|inf|inf|inf|inf|
----------------------------------

Iteration 3
--------------------------------------------------
  0   1   2   3   4   5   6   7 
----------------------------------
0|  4|  3|  2|  0|inf|inf|inf|inf|
----------------------------------
1|  1|  4|  3|  1|inf|inf|inf|inf|
----------------------------------
2|  2|  1|  4| -2|inf|inf|inf|inf|
----------------------------------
3|  9|  8|  7|  5|  4|inf|inf|inf|
----------------------------------
4|  1|  0| -1| -3|inf|inf|inf|inf|
----------------------------------
5|inf|inf|inf|inf|inf|inf|  1|inf|
----------------------------------
6|inf|inf|inf|inf|inf| -2|inf| -2|
----------------------------------
7|inf|inf|inf|inf|inf|inf|inf|inf|
----------------------------------
  0   1   2   3   4   5   6   7 
----------------------------------
0|  4|  3|  2|  0|  4|inf|inf|inf|
----------------------------------
1|  1|  4|  3|  1|  5|inf|inf|inf|
----------------------------------
2|  2|  1|  4| -2|  2|inf|inf|inf|
----------------------------------
3|  9|  8|  7|  5|  4|inf|inf|inf|
----------------------------------
4|  1|  0| -1| -3|  1|inf|inf|inf|
----------------------------------
5|inf|inf|inf|inf|inf|inf|  1|inf|
----------------------------------
6|inf|inf|inf|inf|inf| -2|inf| -2|
----------------------------------
7|inf|inf|inf|inf|inf|inf|inf|inf|
----------------------------------

Iteration 4
--------------------------------------------------
  0   1   2   3   4   5   6   7 
----------------------------------
0|  4|  3|  2|  0|  4|inf|inf|inf|
----------------------------------
1|  1|  4|  3|  1|  5|inf|inf|inf|
----------------------------------
2|  2|  1|  4| -2|  2|inf|inf|inf|
----------------------------------
3|  9|  8|  7|  5|  4|inf|inf|inf|
----------------------------------
4|  1|  0| -1| -3|  1|inf|inf|inf|
----------------------------------
5|inf|inf|inf|inf|inf|inf|  1|inf|
----------------------------------
6|inf|inf|inf|inf|inf| -2|inf| -2|
----------------------------------
7|inf|inf|inf|inf|inf|inf|inf|inf|
----------------------------------
  0   1   2   3   4   5   6   7 
----------------------------------
0|  4|  3|  2|  0|  4|inf|inf|inf|
----------------------------------
1|  1|  4|  3|  1|  5|inf|inf|inf|
----------------------------------
2|  2|  1|  1| -2|  2|inf|inf|inf|
----------------------------------
3|  5|  4|  3|  1|  4|inf|inf|inf|
----------------------------------
4|  1|  0| -1| -3|  1|inf|inf|inf|
----------------------------------
5|inf|inf|inf|inf|inf|inf|  1|inf|
----------------------------------
6|inf|inf|inf|inf|inf| -2|inf| -2|
----------------------------------
7|inf|inf|inf|inf|inf|inf|inf|inf|
----------------------------------

Iteration 5
--------------------------------------------------
  0   1   2   3   4   5   6   7 
----------------------------------
0|  4|  3|  2|  0|  4|inf|inf|inf|
----------------------------------
1|  1|  4|  3|  1|  5|inf|inf|inf|
----------------------------------
2|  2|  1|  1| -2|  2|inf|inf|inf|
----------------------------------
3|  5|  4|  3|  1|  4|inf|inf|inf|
----------------------------------
4|  1|  0| -1| -3|  1|inf|inf|inf|
----------------------------------
5|inf|inf|inf|inf|inf|inf|  1|inf|
----------------------------------
6|inf|inf|inf|inf|inf| -2|inf| -2|
----------------------------------
7|inf|inf|inf|inf|inf|inf|inf|inf|
----------------------------------
  0   1   2   3   4   5   6   7 
----------------------------------
0|  4|  3|  2|  0|  4|inf|inf|inf|
----------------------------------
1|  1|  4|  3|  1|  5|inf|inf|inf|
----------------------------------
2|  2|  1|  1| -2|  2|inf|inf|inf|
----------------------------------
3|  5|  4|  3|  1|  4|inf|inf|inf|
----------------------------------
4|  1|  0| -1| -3|  1|inf|inf|inf|
----------------------------------
5|inf|inf|inf|inf|inf|inf|  1|inf|
----------------------------------
6|inf|inf|inf|inf|inf| -2| -1| -2|
----------------------------------
7|inf|inf|inf|inf|inf|inf|inf|inf|
----------------------------------

Iteration 6
--------------------------------------------------
  0   1   2   3   4   5   6   7 
----------------------------------
0|  4|  3|  2|  0|  4|inf|inf|inf|
----------------------------------
1|  1|  4|  3|  1|  5|inf|inf|inf|
----------------------------------
2|  2|  1|  1| -2|  2|inf|inf|inf|
----------------------------------
3|  5|  4|  3|  1|  4|inf|inf|inf|
----------------------------------
4|  1|  0| -1| -3|  1|inf|inf|inf|
----------------------------------
5|inf|inf|inf|inf|inf|inf|  1|inf|
----------------------------------
6|inf|inf|inf|inf|inf| -2| -1| -2|
----------------------------------
7|inf|inf|inf|inf|inf|inf|inf|inf|
----------------------------------
  0   1   2   3   4   5   6   7 
----------------------------------
0|  4|  3|  2|  0|  4|inf|inf|inf|
----------------------------------
1|  1|  4|  3|  1|  5|inf|inf|inf|
----------------------------------
2|  2|  1|  1| -2|  2|inf|inf|inf|
----------------------------------
3|  5|  4|  3|  1|  4|inf|inf|inf|
----------------------------------
4|  1|  0| -1| -3|  1|inf|inf|inf|
----------------------------------
5|inf|inf|inf|inf|inf| -1|  0| -1|
----------------------------------
6|inf|inf|inf|inf|inf| -3| -2| -3|
----------------------------------
7|inf|inf|inf|inf|inf|inf|inf|inf|
----------------------------------

Iteration 7
--------------------------------------------------
  0   1   2   3   4   5   6   7 
----------------------------------
0|  4|  3|  2|  0|  4|inf|inf|inf|
----------------------------------
1|  1|  4|  3|  1|  5|inf|inf|inf|
----------------------------------
2|  2|  1|  1| -2|  2|inf|inf|inf|
----------------------------------
3|  5|  4|  3|  1|  4|inf|inf|inf|
----------------------------------
4|  1|  0| -1| -3|  1|inf|inf|inf|
----------------------------------
5|inf|inf|inf|inf|inf| -1|  0| -1|
----------------------------------
6|inf|inf|inf|inf|inf| -3| -2| -3|
----------------------------------
7|inf|inf|inf|inf|inf|inf|inf|inf|
----------------------------------
  0   1   2   3   4   5   6   7 
----------------------------------
0|  4|  3|  2|  0|  4|inf|inf|inf|
----------------------------------
1|  1|  4|  3|  1|  5|inf|inf|inf|
----------------------------------
2|  2|  1|  1| -2|  2|inf|inf|inf|
----------------------------------
3|  5|  4|  3|  1|  4|inf|inf|inf|
----------------------------------
4|  1|  0| -1| -3|  1|inf|inf|inf|
----------------------------------
5|inf|inf|inf|inf|inf| -1|  0| -1|
----------------------------------
6|inf|inf|inf|inf|inf| -3| -2| -3|
----------------------------------
7|inf|inf|inf|inf|inf|inf|inf|inf|
----------------------------------

La matrice contient au moins un cycle absorbant
