Stack trace de l'algorithme de Roy Warshall pour le graphe

Lecture du graphe 4

Affichage de la matrice d'adjacence du graphe

  0   1   2   3 
------------------
0|inf|  1| -5|inf|
------------------
1|inf|inf| -3|  2|
------------------
2|inf| -1|inf|  2|
------------------
3|inf|inf|inf|inf|
------------------

Application de l'algorithme de Roy Warshall

Iteration 0
--------------------------------------------------
  0   1   2   3 
------------------
0|inf|  1| -5|inf|
------------------
1|inf|inf| -3|  2|
------------------
2|inf| -1|inf|  2|
------------------
3|inf|inf|inf|inf|
------------------
  0   1   2   3 
------------------
0|inf|  1| -5|inf|
------------------
1|inf|inf| -3|  2|
------------------
2|inf| -1|inf|  2|
------------------
3|inf|inf|inf|inf|
------------------

Iteration 1
--------------------------------------------------
  0   1   2   3 
------------------
0|inf|  1| -5|inf|
------------------
1|inf|inf| -3|  2|
------------------
2|inf| -1|inf|  2|
------------------
3|inf|inf|inf|inf|
------------------
  0   1   2   3 
------------------
0|inf|  1| -5|  3|
------------------
1|inf|inf| -3|  2|
------------------
2|inf| -1| -4|  1|
------------------
3|inf|inf|inf|inf|
------------------

Iteration 2
--------------------------------------------------
  0   1   2   3 
------------------
0|inf|  1| -5|  3|
------------------
1|inf|inf| -3|  2|
------------------
2|inf| -1| -4|  1|
------------------
3|inf|inf|inf|inf|
------------------
  0   1   2   3 
------------------
0|inf| -6| -9| -4|
------------------
1|inf| -4| -7| -2|
------------------
2|inf| -5| -8| -3|
------------------
3|inf|inf|inf|inf|
------------------

Iteration 3
--------------------------------------------------
  0   1   2   3 
------------------
0|inf| -6| -9| -4|
------------------
1|inf| -4| -7| -2|
------------------
2|inf| -5| -8| -3|
------------------
3|inf|inf|inf|inf|
------------------
  0   1   2   3 
------------------
0|inf| -6| -9| -4|
------------------
1|inf| -4| -7| -2|
------------------
2|inf| -5| -8| -3|
------------------
3|inf|inf|inf|inf|
------------------

La matrice contient au moins un cycle absorbant
