Stack trace de l'algorithme de Roy Warshall pour le graphe

Lecture du graphe 5

Affichage de la matrice d'adjacence du graphe

  0   1   2   3 
------------------
0|inf|  1| -5|inf|
------------------
1|inf|inf| -3|  2|
------------------
2|  6|  4|inf|  2|
------------------
3|inf|inf|  2|inf|
------------------

Application de l'algorithme de Roy Warshall

Iteration 0
--------------------------------------------------
  0   1   2   3 
------------------
0|inf|  1| -5|inf|
------------------
1|inf|inf| -3|  2|
------------------
2|  6|  4|inf|  2|
------------------
3|inf|inf|  2|inf|
------------------
  0   1   2   3 
------------------
0|inf|  1| -5|inf|
------------------
1|inf|inf| -3|  2|
------------------
2|  6|  4|  1|  2|
------------------
3|inf|inf|  2|inf|
------------------

Iteration 1
--------------------------------------------------
  0   1   2   3 
------------------
0|inf|  1| -5|inf|
------------------
1|inf|inf| -3|  2|
------------------
2|  6|  4|  1|  2|
------------------
3|inf|inf|  2|inf|
------------------
  0   1   2   3 
------------------
0|inf|  1| -5|  3|
------------------
1|inf|inf| -3|  2|
------------------
2|  6|  4|  1|  2|
------------------
3|inf|inf|  2|inf|
------------------

Iteration 2
--------------------------------------------------
  0   1   2   3 
------------------
0|inf|  1| -5|  3|
------------------
1|inf|inf| -3|  2|
------------------
2|  6|  4|  1|  2|
------------------
3|inf|inf|  2|inf|
------------------
 0  1  2  3 
--------------
0| 1|-1|-5|-3|
--------------
1| 3| 1|-3|-1|
--------------
2| 6| 4| 1| 2|
--------------
3| 8| 6| 2| 4|
--------------

Iteration 3
--------------------------------------------------
 0  1  2  3 
--------------
0| 1|-1|-5|-3|
--------------
1| 3| 1|-3|-1|
--------------
2| 6| 4| 1| 2|
--------------
3| 8| 6| 2| 4|
--------------
 0  1  2  3 
--------------
0| 1|-1|-5|-3|
--------------
1| 3| 1|-3|-1|
--------------
2| 6| 4| 1| 2|
--------------
3| 8| 6| 2| 4|
--------------

La matrice ne contient pas de cycle absorbant
Affichage du cout de chaque  sous la forme [debut,arrivee,chemin, cout]
[[0, 2, '0->2', -5], [0, 3, '0->2->3', -3], [0, 1, '0->2->3->1', -1], [0, 0, '0->2->3->1->0', 1], [1, 2, '1->2', -3], [1, 3, '1->2->3', -1], [1, 1, '1->2->3->1', 1], [1, 0, '1->2->3->1->0', 3], [2, 2, '2->2', 1], [2, 3, '2->2->3', 2], [2, 1, '2->2->3->1', 4], [2, 0, '2->2->3->1->0', 6], [3, 2, '3->2', 2], [3, 3, '3->2->3', 4], [3, 1, '3->2->3->1', 6], [3, 0, '3->2->3->1->0', 8]]
