Stack trace de l'algorithme de Roy Warshall pour le graphe

Lecture du graphe 6

Affichage de la matrice d'adjacence du graphe

  0   1   2   3 
------------------
0|inf|  1| -5|inf|
------------------
1|inf| -1| -3|  2|
------------------
2|  6|  4|inf|  2|
------------------
3|inf|inf|  2|inf|
------------------

Application de l'algorithme de Roy Warshall

Iteration 0
--------------------------------------------------
  0   1   2   3 
------------------
0|inf|  1| -5|inf|
------------------
1|inf| -1| -3|  2|
------------------
2|  6|  4|inf|  2|
------------------
3|inf|inf|  2|inf|
------------------
  0   1   2   3 
------------------
0|inf|  1| -5|inf|
------------------
1|inf| -1| -3|  2|
------------------
2|  6|  4|  1|  2|
------------------
3|inf|inf|  2|inf|
------------------

Iteration 1
--------------------------------------------------
  0   1   2   3 
------------------
0|inf|  1| -5|inf|
------------------
1|inf| -1| -3|  2|
------------------
2|  6|  4|  1|  2|
------------------
3|inf|inf|  2|inf|
------------------
  0   1   2   3 
------------------
0|inf|  0| -5|  3|
------------------
1|inf| -2| -4|  1|
------------------
2|  6|  3|  1|  2|
------------------
3|inf|inf|  2|inf|
------------------

Iteration 2
--------------------------------------------------
  0   1   2   3 
------------------
0|inf|  0| -5|  3|
------------------
1|inf| -2| -4|  1|
------------------
2|  6|  3|  1|  2|
------------------
3|inf|inf|  2|inf|
------------------
 0  1  2  3 
--------------
0| 1|-2|-5|-3|
--------------
1| 2|-2|-4|-2|
--------------
2| 6| 3| 1| 2|
--------------
3| 8| 5| 2| 4|
--------------

Iteration 3
--------------------------------------------------
 0  1  2  3 
--------------
0| 1|-2|-5|-3|
--------------
1| 2|-2|-4|-2|
--------------
2| 6| 3| 1| 2|
--------------
3| 8| 5| 2| 4|
--------------
 0  1  2  3 
--------------
0| 1|-2|-5|-3|
--------------
1| 2|-2|-4|-2|
--------------
2| 6| 3| 1| 2|
--------------
3| 8| 5| 2| 4|
--------------

La matrice contient au moins un cycle absorbant
