Stack trace de l'algorithme de Roy Warshall pour le graphe

Lecture du graphe 7

Affichage de la matrice d'adjacence du graphe

  0   1   2   3   4   5   6 
------------------------------
0|inf|  2| -5|inf|inf|inf|inf|
------------------------------
1|inf|  3| -3|  3|inf|inf|inf|
------------------------------
2|  7|  4|inf|  3|inf|inf|inf|
------------------------------
3|inf|inf|  2|inf|inf|inf|inf|
------------------------------
4|inf|inf|inf|inf|inf|  5|inf|
------------------------------
5|inf|inf|inf|inf|  2|inf| -2|
------------------------------
6|inf|inf|inf|inf|inf|inf|inf|
------------------------------

Application de l'algorithme de Roy Warshall

Iteration 0
--------------------------------------------------
  0   1   2   3   4   5   6 
------------------------------
0|inf|  2| -5|inf|inf|inf|inf|
------------------------------
1|inf|  3| -3|  3|inf|inf|inf|
------------------------------
2|  7|  4|inf|  3|inf|inf|inf|
------------------------------
3|inf|inf|  2|inf|inf|inf|inf|
------------------------------
4|inf|inf|inf|inf|inf|  5|inf|
------------------------------
5|inf|inf|inf|inf|  2|inf| -2|
------------------------------
6|inf|inf|inf|inf|inf|inf|inf|
------------------------------
  0   1   2   3   4   5   6 
------------------------------
0|inf|  2| -5|inf|inf|inf|inf|
------------------------------
1|inf|  3| -3|  3|inf|inf|inf|
------------------------------
2|  7|  4|  2|  3|inf|inf|inf|
------------------------------
3|inf|inf|  2|inf|inf|inf|inf|
------------------------------
4|inf|inf|inf|inf|inf|  5|inf|
------------------------------
5|inf|inf|inf|inf|  2|inf| -2|
------------------------------
6|inf|inf|inf|inf|inf|inf|inf|
------------------------------

Iteration 1
--------------------------------------------------
  0   1   2   3   4   5   6 
------------------------------
0|inf|  2| -5|inf|inf|inf|inf|
------------------------------
1|inf|  3| -3|  3|inf|inf|inf|
------------------------------
2|  7|  4|  2|  3|inf|inf|inf|
------------------------------
3|inf|inf|  2|inf|inf|inf|inf|
------------------------------
4|inf|inf|inf|inf|inf|  5|inf|
------------------------------
5|inf|inf|inf|inf|  2|inf| -2|
------------------------------
6|inf|inf|inf|inf|inf|inf|inf|
------------------------------
  0   1   2   3   4   5   6 
------------------------------
0|inf|  2| -5|  5|inf|inf|inf|
------------------------------
1|inf|  3| -3|  3|inf|inf|inf|
------------------------------
2|  7|  4|  1|  3|inf|inf|inf|
------------------------------
3|inf|inf|  2|inf|inf|inf|inf|
------------------------------
4|inf|inf|inf|inf|inf|  5|inf|
------------------------------
5|inf|inf|inf|inf|  2|inf| -2|
------------------------------
6|inf|inf|inf|inf|inf|inf|inf|
------------------------------

Iteration 2
--------------------------------------------------
  0   1   2   3   4   5   6 
------------------------------
0|inf|  2| -5|  5|inf|inf|inf|
------------------------------
1|inf|  3| -3|  3|inf|inf|inf|
------------------------------
2|  7|  4|  1|  3|inf|inf|inf|
------------------------------
3|inf|inf|  2|inf|inf|inf|inf|
------------------------------
4|inf|inf|inf|inf|inf|  5|inf|
------------------------------
5|inf|inf|inf|inf|  2|inf| -2|
------------------------------
6|inf|inf|inf|inf|inf|inf|inf|
------------------------------
  0   1   2   3   4   5   6 
------------------------------
0|  2| -1| -5| -2|inf|inf|inf|
------------------------------
1|  4|  1| -3|  0|inf|inf|inf|
------------------------------
2|  7|  4|  1|  3|inf|inf|inf|
------------------------------
3|  9|  6|  2|  5|inf|inf|inf|
------------------------------
4|inf|inf|inf|inf|inf|  5|inf|
------------------------------
5|inf|inf|inf|inf|  2|inf| -2|
------------------------------
6|inf|inf|inf|inf|inf|inf|inf|
------------------------------

Iteration 3
--------------------------------------------------
  0   1   2   3   4   5   6 
------------------------------
0|  2| -1| -5| -2|inf|inf|inf|
------------------------------
1|  4|  1| -3|  0|inf|inf|inf|
------------------------------
2|  7|  4|  1|  3|inf|inf|inf|
------------------------------
3|  9|  6|  2|  5|inf|inf|inf|
------------------------------
4|inf|inf|inf|inf|inf|  5|inf|
------------------------------
5|inf|inf|inf|inf|  2|inf| -2|
------------------------------
6|inf|inf|inf|inf|inf|inf|inf|
------------------------------
  0   1   2   3   4   5   6 
------------------------------
0|  2| -1| -5| -2|inf|inf|inf|
------------------------------
1|  4|  1| -3|  0|inf|inf|inf|
------------------------------
2|  7|  4|  1|  3|inf|inf|inf|
------------------------------
3|  9|  6|  2|  5|inf|inf|inf|
------------------------------
4|inf|inf|inf|inf|inf|  5|inf|
------------------------------
5|inf|inf|inf|inf|  2|inf| -2|
------------------------------
6|inf|inf|inf|inf|inf|inf|inf|
------------------------------

Iteration 4
--------------------------------------------------
  0   1   2   3   4   5   6 
------------------------------
0|  2| -1| -5| -2|inf|inf|inf|
------------------------------
1|  4|  1| -3|  0|inf|inf|inf|
------------------------------
2|  7|  4|  1|  3|inf|inf|inf|
------------------------------
3|  9|  6|  2|  5|inf|inf|inf|
------------------------------
4|inf|inf|inf|inf|inf|  5|inf|
------------------------------
5|inf|inf|inf|inf|  2|inf| -2|
------------------------------
6|inf|inf|inf|inf|inf|inf|inf|
------------------------------
  0   1   2   3   4   5   6 
------------------------------
0|  2| -1| -5| -2|inf|inf|inf|
------------------------------
1|  4|  1| -3|  0|inf|inf|inf|
------------------------------
2|  7|  4|  1|  3|inf|inf|inf|
------------------------------
3|  9|  6|  2|  5|inf|inf|inf|
------------------------------
4|inf|inf|inf|inf|inf|  5|inf|
------------------------------
5|inf|inf|inf|inf|  2|  7| -2|
------------------------------
6|inf|inf|inf|inf|inf|inf|inf|
------------------------------

Iteration 5
--------------------------------------------------
  0   1   2   3   4   5   6 
------------------------------
0|  2| -1| -5| -2|inf|inf|inf|
------------------------------
1|  4|  1| -3|  0|inf|inf|inf|
------------------------------
2|  7|  4|  1|  3|inf|inf|inf|
------------------------------
3|  9|  6|  2|  5|inf|inf|inf|
------------------------------
4|inf|inf|inf|inf|inf|  5|inf|
------------------------------
5|inf|inf|inf|inf|  2|  7| -2|
------------------------------
6|inf|inf|inf|inf|inf|inf|inf|
------------------------------
  0   1   2   3   4   5   6 
------------------------------
0|  2| -1| -5| -2|inf|inf|inf|
------------------------------
1|  4|  1| -3|  0|inf|inf|inf|
------------------------------
2|  7|  4|  1|  3|inf|inf|inf|
------------------------------
3|  9|  6|  2|  5|inf|inf|inf|
------------------------------
4|inf|inf|inf|inf|  7|  5|  3|
------------------------------
5|inf|inf|inf|inf|  2|  7| -2|
------------------------------
6|inf|inf|inf|inf|inf|inf|inf|
------------------------------

Iteration 6
--------------------------------------------------
  0   1   2   3   4   5   6 
------------------------------
0|  2| -1| -5| -2|inf|inf|inf|
------------------------------
1|  4|  1| -3|  0|inf|inf|inf|
------------------------------
2|  7|  4|  1|  3|inf|inf|inf|
------------------------------
3|  9|  6|  2|  5|inf|inf|inf|
------------------------------
4|inf|inf|inf|inf|  7|  5|  3|
------------------------------
5|inf|inf|inf|inf|  2|  7| -2|
------------------------------
6|inf|inf|inf|inf|inf|inf|inf|
------------------------------
  0   1   2   3   4   5   6 
------------------------------
0|  2| -1| -5| -2|inf|inf|inf|
------------------------------
1|  4|  1| -3|  0|inf|inf|inf|
------------------------------
2|  7|  4|  1|  3|inf|inf|inf|
------------------------------
3|  9|  6|  2|  5|inf|inf|inf|
------------------------------
4|inf|inf|inf|inf|  7|  5|  3|
------------------------------
5|inf|inf|inf|inf|  2|  7| -2|
------------------------------
6|inf|inf|inf|inf|inf|inf|inf|
------------------------------

La matrice ne contient pas de cycle absorbant
Affichage du cout de chaque  sous la forme [debut,arrivee,chemin, cout]
[[0, 2, '0->2', -5], [0, 3, '0->2->3', -2], [0, 1, '0->2->3->1', -1], [0, 0, '0->2->3->1->0', 2], [1, 2, '1->2', -3], [1, 3, '1->2->3', 0], [1, 1, '1->2->3->1', 1], [1, 0, '1->2->3->1->0', 4], [2, 2, '2->2', 1], [2, 3, '2->2->3', 3], [2, 1, '2->2->3->1', 4], [2, 0, '2->2->3->1->0', 7], [3, 2, '3->2', 2], [3, 3, '3->2->3', 5], [3, 1, '3->2->3->1', 6], [3, 0, '3->2->3->1->0', 9], [4, 6, '4->6', 3], [4, 5, '4->6->5', 5], [4, 4, '4->6->5->4', 7], [5, 6, '5->6', -2], [5, 4, '5->6->4', 2], [5, 5, '5->6->4->5', 7]]
