Stack trace de l'algorithme de Roy Warshall pour le graphe

Lecture du graphe 8

Affichage de la matrice d'adjacence du graphe

  0   1   2   3   4 
----------------------
0|inf|  1|  2|  1|inf|
----------------------
1|inf|inf|inf|inf|  3|
----------------------
2|inf|inf|inf|  1|  1|
----------------------
3|inf|inf|inf|inf|  4|
----------------------
4|inf|inf|inf|inf|inf|
----------------------

Application de l'algorithme de Roy Warshall

Iteration 0
--------------------------------------------------
  0   1   2   3   4 
----------------------
0|inf|  1|  2|  1|inf|
----------------------
1|inf|inf|inf|inf|  3|
----------------------
2|inf|inf|inf|  1|  1|
----------------------
3|inf|inf|inf|inf|  4|
----------------------
4|inf|inf|inf|inf|inf|
----------------------
  0   1   2   3   4 
----------------------
0|inf|  1|  2|  1|inf|
----------------------
1|inf|inf|inf|inf|  3|
----------------------
2|inf|inf|inf|  1|  1|
----------------------
3|inf|inf|inf|inf|  4|
----------------------
4|inf|inf|inf|inf|inf|
----------------------

Iteration 1
--------------------------------------------------
  0   1   2   3   4 
----------------------
0|inf|  1|  2|  1|inf|
----------------------
1|inf|inf|inf|inf|  3|
----------------------
2|inf|inf|inf|  1|  1|
----------------------
3|inf|inf|inf|inf|  4|
----------------------
4|inf|inf|inf|inf|inf|
----------------------
  0   1   2   3   4 
----------------------
0|inf|  1|  2|  1|  4|
----------------------
1|inf|inf|inf|inf|  3|
----------------------
2|inf|inf|inf|  1|  1|
----------------------
3|inf|inf|inf|inf|  4|
----------------------
4|inf|inf|inf|inf|inf|
----------------------

Iteration 2
--------------------------------------------------
  0   1   2   3   4 
----------------------
0|inf|  1|  2|  1|  4|
----------------------
1|inf|inf|inf|inf|  3|
----------------------
2|inf|inf|inf|  1|  1|
----------------------
3|inf|inf|inf|inf|  4|
----------------------
4|inf|inf|inf|inf|inf|
----------------------
  0   1   2   3   4 
----------------------
0|inf|  1|  2|  1|  3|
----------------------
1|inf|inf|inf|inf|  3|
----------------------
2|inf|inf|inf|  1|  1|
----------------------
3|inf|inf|inf|inf|  4|
----------------------
4|inf|inf|inf|inf|inf|
----------------------

Iteration 3
--------------------------------------------------
  0   1   2   3   4 
----------------------
0|inf|  1|  2|  1|  3|
----------------------
1|inf|inf|inf|inf|  3|
----------------------
2|inf|inf|inf|  1|  1|
----------------------
3|inf|inf|inf|inf|  4|
----------------------
4|inf|inf|inf|inf|inf|
----------------------
  0   1   2   3   4 
----------------------
0|inf|  1|  2|  1|  3|
----------------------
1|inf|inf|inf|inf|  3|
----------------------
2|inf|inf|inf|  1|  1|
----------------------
3|inf|inf|inf|inf|  4|
----------------------
4|inf|inf|inf|inf|inf|
----------------------

Iteration 4
--------------------------------------------------
  0   1   2   3   4 
----------------------
0|inf|  1|  2|  1|  3|
----------------------
1|inf|inf|inf|inf|  3|
----------------------
2|inf|inf|inf|  1|  1|
----------------------
3|inf|inf|inf|inf|  4|
----------------------
4|inf|inf|inf|inf|inf|
----------------------
  0   1   2   3   4 
----------------------
0|inf|  1|  2|  1|  3|
----------------------
1|inf|inf|inf|inf|  3|
----------------------
2|inf|inf|inf|  1|  1|
----------------------
3|inf|inf|inf|inf|  4|
----------------------
4|inf|inf|inf|inf|inf|
----------------------

La matrice ne contient pas de cycle absorbant
Affichage du cout de chaque  sous la forme [debut,arrivee,chemin, cout]
[[0, 1, '0->1', 1], [0, 3, '0->1->3', 1], [0, 2, '0->1->3->2', 2], [0, 4, '0->1->3->2->4', 3], [1, 4, '1->4', 3], [2, 3, '2->3', 1], [2, 4, '2->3->4', 1], [3, 4, '3->4', 4]]
