Stack trace de l'algorithme de Roy Warshall pour le graphe

Lecture du graphe pbHandicap

Affichage de la matrice d'adjacence du graphe

  0   1   2   3   4   5 
--------------------------
0|inf|  5|  8|inf|inf|inf|
--------------------------
1|inf|inf|  4|  3|inf|inf|
--------------------------
2|inf|inf|inf|  2|  7|inf|
--------------------------
3|inf|inf|inf|inf|  4|inf|
--------------------------
4|inf|inf|inf|inf|inf|  6|
--------------------------
5|inf|inf|inf|inf|inf|inf|
--------------------------

Application de l'algorithme de Roy Warshall

Iteration 0
--------------------------------------------------
  0   1   2   3   4   5 
--------------------------
0|inf|  5|  8|inf|inf|inf|
--------------------------
1|inf|inf|  4|  3|inf|inf|
--------------------------
2|inf|inf|inf|  2|  7|inf|
--------------------------
3|inf|inf|inf|inf|  4|inf|
--------------------------
4|inf|inf|inf|inf|inf|  6|
--------------------------
5|inf|inf|inf|inf|inf|inf|
--------------------------
  0   1   2   3   4   5 
--------------------------
0|inf|  5|  8|inf|inf|inf|
--------------------------
1|inf|inf|  4|  3|inf|inf|
--------------------------
2|inf|inf|inf|  2|  7|inf|
--------------------------
3|inf|inf|inf|inf|  4|inf|
--------------------------
4|inf|inf|inf|inf|inf|  6|
--------------------------
5|inf|inf|inf|inf|inf|inf|
--------------------------

Iteration 1
--------------------------------------------------
  0   1   2   3   4   5 
--------------------------
0|inf|  5|  8|inf|inf|inf|
--------------------------
1|inf|inf|  4|  3|inf|inf|
--------------------------
2|inf|inf|inf|  2|  7|inf|
--------------------------
3|inf|inf|inf|inf|  4|inf|
--------------------------
4|inf|inf|inf|inf|inf|  6|
--------------------------
5|inf|inf|inf|inf|inf|inf|
--------------------------
  0   1   2   3   4   5 
--------------------------
0|inf|  5|  8|  8|inf|inf|
--------------------------
1|inf|inf|  4|  3|inf|inf|
--------------------------
2|inf|inf|inf|  2|  7|inf|
--------------------------
3|inf|inf|inf|inf|  4|inf|
--------------------------
4|inf|inf|inf|inf|inf|  6|
--------------------------
5|inf|inf|inf|inf|inf|inf|
--------------------------

Iteration 2
--------------------------------------------------
  0   1   2   3   4   5 
--------------------------
0|inf|  5|  8|  8|inf|inf|
--------------------------
1|inf|inf|  4|  3|inf|inf|
--------------------------
2|inf|inf|inf|  2|  7|inf|
--------------------------
3|inf|inf|inf|inf|  4|inf|
--------------------------
4|inf|inf|inf|inf|inf|  6|
--------------------------
5|inf|inf|inf|inf|inf|inf|
--------------------------
  0   1   2   3   4   5 
--------------------------
0|inf|  5|  8|  8| 15|inf|
--------------------------
1|inf|inf|  4|  3| 11|inf|
--------------------------
2|inf|inf|inf|  2|  7|inf|
--------------------------
3|inf|inf|inf|inf|  4|inf|
--------------------------
4|inf|inf|inf|inf|inf|  6|
--------------------------
5|inf|inf|inf|inf|inf|inf|
--------------------------

Iteration 3
--------------------------------------------------
  0   1   2   3   4   5 
--------------------------
0|inf|  5|  8|  8| 15|inf|
--------------------------
1|inf|inf|  4|  3| 11|inf|
--------------------------
2|inf|inf|inf|  2|  7|inf|
--------------------------
3|inf|inf|inf|inf|  4|inf|
--------------------------
4|inf|inf|inf|inf|inf|  6|
--------------------------
5|inf|inf|inf|inf|inf|inf|
--------------------------
  0   1   2   3   4   5 
--------------------------
0|inf|  5|  8|  8| 12|inf|
--------------------------
1|inf|inf|  4|  3|  7|inf|
--------------------------
2|inf|inf|inf|  2|  6|inf|
--------------------------
3|inf|inf|inf|inf|  4|inf|
--------------------------
4|inf|inf|inf|inf|inf|  6|
--------------------------
5|inf|inf|inf|inf|inf|inf|
--------------------------

Iteration 4
--------------------------------------------------
  0   1   2   3   4   5 
--------------------------
0|inf|  5|  8|  8| 12|inf|
--------------------------
1|inf|inf|  4|  3|  7|inf|
--------------------------
2|inf|inf|inf|  2|  6|inf|
--------------------------
3|inf|inf|inf|inf|  4|inf|
--------------------------
4|inf|inf|inf|inf|inf|  6|
--------------------------
5|inf|inf|inf|inf|inf|inf|
--------------------------
  0   1   2   3   4   5 
--------------------------
0|inf|  5|  8|  8| 12| 18|
--------------------------
1|inf|inf|  4|  3|  7| 13|
--------------------------
2|inf|inf|inf|  2|  6| 12|
--------------------------
3|inf|inf|inf|inf|  4| 10|
--------------------------
4|inf|inf|inf|inf|inf|  6|
--------------------------
5|inf|inf|inf|inf|inf|inf|
--------------------------

Iteration 5
--------------------------------------------------
  0   1   2   3   4   5 
--------------------------
0|inf|  5|  8|  8| 12| 18|
--------------------------
1|inf|inf|  4|  3|  7| 13|
--------------------------
2|inf|inf|inf|  2|  6| 12|
--------------------------
3|inf|inf|inf|inf|  4| 10|
--------------------------
4|inf|inf|inf|inf|inf|  6|
--------------------------
5|inf|inf|inf|inf|inf|inf|
--------------------------
  0   1   2   3   4   5 
--------------------------
0|inf|  5|  8|  8| 12| 18|
--------------------------
1|inf|inf|  4|  3|  7| 13|
--------------------------
2|inf|inf|inf|  2|  6| 12|
--------------------------
3|inf|inf|inf|inf|  4| 10|
--------------------------
4|inf|inf|inf|inf|inf|  6|
--------------------------
5|inf|inf|inf|inf|inf|inf|
--------------------------

La matrice ne contient pas de cycle absorbant
Affichage du cout de chaque  sous la forme [debut,arrivee,chemin, cout]
[[0, 1, '0->1', 5], [0, 2, '0->1->2', 8], [0, 3, '0->1->2->3', 8], [0, 4, '0->1->2->3->4', 12], [0, 5, '0->1->2->3->4->5', 18], [1, 3, '1->3', 3], [1, 2, '1->3->2', 4], [1, 4, '1->3->2->4', 7], [1, 5, '1->3->2->4->5', 13], [2, 3, '2->3', 2], [2, 4, '2->3->4', 6], [2, 5, '2->3->4->5', 12], [3, 4, '3->4', 4], [3, 5, '3->4->5', 10], [4, 5, '4->5', 6]]
